% Define data points
XYZ = [
 461, -3, -650;
 465, 0, -643;
 469, -2, -647;
 477, -6, -655;
 465, -8, -650;
 447, -12, -643;
 449, -7, -640;
 453, 0, -637;
 455, -4, -634;
 459, -12, -632;
 459, -14, -634;
 454, -16, -637;
 444, -14, -637;
 438, -12, -637;
 445, -12, -637;
 449, -12, -638;
 442, -12, -640;
 437, -9, -643;
 442, -4, -643;
 447, -4, -645;
 447, -14, -650;
 447, -19, -652;
 447, -9, -647;
 448, -2, -643;
 450, -4, -643;
 457, 3, -647;
 462, 12, -652;
 465, 24, -652;
 465, 31, -650;
 465, 41, -649;
 465, 48, -649;
 469, 38, -646;
 474, 24, -644;
 486, 33, -643;
 495, 49, -643;
 490, 44, -650;
 481, 30, -655;
 490, 15, -647;
 500, 11, -643;
 500, 11, -635;
 500, 11, -631;
 492, -2, -634;
 488, -12, -637;
 495, -19, -640;
 500, -24, -643;
 510, -9, -632;
 518, 0, -625;
 518, -14, -632;
 466, -18, -634;
 459, 0, -627;
 510, 8, -620;
 525, 19, -605;
 526, 21, -599;
 515, 18, -596;
 510, 18, -601;
 507, 21, -619;
 508, 26, -621;
 515, 37, -610;
 515, 35, -613;
 508, 17, -631;
 502, 20, -629;
 491, 35, -619;
 495, 32, -616;
 506, 29, -613;
 498, 40, -615;
 488, 58, -619;
 492, 55, -614;
 500, 52, -607;
 490, 56, -614;
 477, 64, -625;
 481, 73, -620;
 488, 88, -609;
 481, 94, -602;
 478, 112, -588;
 492, 126, -576;
 513, 146, -544;
 527, 158, -505;
 545, 161, -450;
 555, 145, -416;
 570, 123, -363;
 582, 111, -327;
 600, 75, -272;
 612, 28, -236;
 619, -40, -186;
 609, -85, -159;
 591, -191, -116;
 575, -252, -99;
 530, -299, -83;
 502, -315, -75;
 464, -356, -57;
 441, -389, -43;
 387, -403, -26;
 345, -401, -16;
 298, -402, 0;
 272, -404, 12;
 231, -406, 27;
 203, -406, 37;
 174, -394, 49;
 160, -382, 54;
 160, -345, 64;
 165, -324, 72;
 193, -285, 87;
 212, -259, 97;
 243, -195, 85;
 265, -153, 78;
 286, -135, 78;
 300, -124, 78;
 303, -92, 82;
 306, -71, 83;
 313, -81, 79;
 326, -100, 80;
 350, -135, 88;
 357, -164, 86;
 354, -218, 71;
 356, -246, 63;
 367, -278, 56;
 373, -293, 55;
 380, -307, 58;
 387, -305, 56;
 401, -284, 45;
 407, -272, 46;
 410, -257, 61;
 409, -246, 58;
 402, -236, 48;
 412, -240, 48;
 430, -247, 48;
 427, -261, 43;
 424, -283, 36;
 433, -304, 19;
 447, -336, -6;
 454, -347, -27;
 465, -365, -60;
 469, -395, -82;
 477, -454, -130;
 467, -480, -162;
 448, -513, -214;
 439, -527, -255;
 419, -543, -327;
 398, -548, -388;
 360, -546, -481;
 327, -532, -547;
 280, -500, -628;
 252, -465, -660;
 214, -418, -701;
 195, -394, -721;
 170, -361, -748;
 156, -342, -755;
 125, -291, -754;
 108, -258, -749;
 76, -211, -756;
 53, -180, -766;
 39, -134, -771;
 37, -104, -771;
 21, -70, -766;
 7, -51, -761;
 -2, -72, -749;
 -4, -102, -739;
 -3, -155, -736;
 -1, -193, -738;
 16, -258, -736;
 33, -289, -734;
 70, -327, -723;
 89, -353, -716;
 166, -360, -716;
 218, -365, -716;
 317, -336, -686;
 383, -318, -667;
 453, -247, -620;
 500, -200, -589;
 560, -161, -530;
 600, -141, -471;
 624, -159, -413;
 641, -176, -374;
 641, -212, -316;
 634, -231, -269;
 613, -252, -185;
 588, -260, -136;
 535, -263, -74;
 512, -246, -39;
 494, -189, 3;
 489, -126, 6;
 492, 7, -30;
 495, 86, -134;
 498, 188, -273;
 476, 230, -367;
 441, 241, -510;
 438, 203, -565;
 435, 146, -649;
 423, 115, -680;
 406, 70, -728;
 401, 34, -735;
 394, -18, -746;
 361, -86, -768;
 312, -189, -801;
 279, -217, -801;
 220, -262, -799;
 201, -269, -797;
 173, -291, -791;
 154, -319, -784;
 125, -358, -767;
 104, -382, -747;
 78, -417, -713;
 68, -441, -684;
 55, -482, -645;
 48, -517, -626;
 38, -561, -582;
 31, -577, -533;
 19, -596, -448;
 9, -598, -412;
 -4, -602, -369;
 -8, -604, -345;
 -13, -598, -296;
 -15, -591, -260;
 -19, -583, -234;
 -21, -579, -227;
 -18, -586, -236;
 -13, -595, -248;
 -29, -600, -301;
 -48, -600, -347;
 -67, -513, -490;
 -77, -478, -570;
 -57, -434, -639;
 -41, -383, -686;
 -44, -241, -726;
 -47, -147, -753;
 -15, -69, -763;
 6, -18, -771;
 24, 80, -741;
 36, 146, -722;
 60, 203, -704;
 77, 241, -672;
 56, 304, -614;
 -9, 353, -584;
 -55, 374, -551;
 -39, 378, -541;
 -53, 367, -544;
 -60, 368, -543;
 -67, 382, -536;
 -59, 398, -513;
 -27, 434, -451;
 -11, 472, -412;
 6, 550, -358;
 15, 597, -331;
 26, 660, -305;
 54, 721, -285;
 128, 781, -267;
 223, 802, -235;
 330, 834, -188;
 365, 834, -163;
 418, 834, -127;
 448, 822, -124;
 494, 805, -121;
 527, 805, -145;
 577, 805, -182;
 621, 783, -198;
 688, 752, -245;
 732, 719, -289;
 804, 644, -346;
 813, 592, -373;
 817, 522, -395;
 805, 487, -385;
 789, 430, -359;
 780, 388, -325;
 753, 328, -285;
 717, 293, -273;
 673, 252, -264;
 657, 240, -271;
 627, 230, -279;
 599, 232, -279;
 499, 256, -267;
 459, 277, -255;
 437, 323, -256;
 404, 358, -263;
 350, 392, -301;
 312, 408, -335;
 282, 426, -371;
 270, 435, -390;
 241, 428, -448;
 217, 416, -497;
 206, 382, -558;
 206, 354, -594;
 234, 253, -671;
 262, 218, -710;
 319, 181, -702;
 347, 135, -698;
 400, 96, -690;
 436, 70, -686;
 488, 52, -642;
 524, 41, -613;
 566, 19, -569;
 594, 5, -540;
 640, -33, -474;
 671, -59, -407;
 681, -129, -338;
 677, -198, -289;
 645, -261, -213;
 628, -294, -175;
 607, -329, -139;
 577, -361, -122;
 510, -421, -107;
 471, -442, -89;
 422, -445, -49;
 386, -444, -25;
 326, -437, 7;
 286, -438, 20;
 226, -449, 27;
 184, -436, 44;
 121, -412, 66;
 62, -400, 66;
 6, -383, 66;
 -19, -352, 70;
 -58, -306, 78;
 -81, -292, 73;
 -117, -271, 66;
 -147, -271, 56;
 -193, -271, 42;
 -207, -282, 37;
 -229, -300, 22;
 -231, -307, 8;
 -238, -315, -7;
 -245, -310, -9;
 -249, -309, -12;
 -245, -316, -12;
 -235, -320, -8;
 -223, -313, -1;
 -214, -310, 4;
 -221, -320, 2;
 -227, -333, -1;
 -225, -340, -3;
 -225, -351, -8;
 -230, -361, -13;
 -231, -371, -13;
 -224, -371, -8;
 -186, -352, 10;
 -156, -333, 27;
 -79, -319, 60;
 -18, -314, 84;
 92, -316, 101;
 172, -321, 106;
 296, -338, 63;
 381, -352, 17;
 459, -385, -69;
 494, -411, -132;
 519, -442, -254;
 526, -461, -315;
 462, -492, -388;
 445, -506, -437;
 438, -516, -513;
 406, -524, -564;
 289, -470, -666;
 212, -435, -734;
 102, -421, -756;
 30, -412, -771;
 -54, -436, -738;
 -111, -453, -716;
 -132, -456, -698;
 -146, -457, -688;
 -164, -454, -695;
 -180, -453, -682;
 -194, -453, -634;
 -209, -453, -608;
 -241, -453, -575;
 -261, -457, -560;
 -289, -472, -549;
 -305, -472, -537;
 -323, -457, -512;
 -330, -459, -499;
 -333, -477, -484;
 -336, -480, -467;
 -339, -473, -449;
 -338, -473, -441;
 -335, -477, -431;
 -332, -467, -431;
 -329, -453, -431;
 -333, -467, -416;
 -340, -488, -394;
 -335, -476, -384;
 -329, -459, -370;
 -338, -461, -355;
 -352, -465, -334;
 -354, -462, -333;
 -358, -461, -331;
 -355, -466, -329;
 -349, -469, -328;
 -344, -467, -331;
 -336, -468, -347;
 -329, -475, -373;
 -311, -481, -420;
 -287, -479, -462;
 -235, -477, -531;
 -179, -477, -587;
 -92, -472, -660;
 -31, -462, -694;
 59, -447, -725;
 118, -435, -723;
 217, -442, -710;
 257, -461, -698;
 283, -492, -667;
 290, -513, -643;
 306, -530, -626;
 318, -537, -621;
 338, -536, -594;
 352, -532, -570;
 363, -527, -546;
 368, -525, -534;
 380, -538, -513;
 389, -552, -499;
 401, -562, -459;
 408, -565, -437;
 415, -575, -407;
 418, -582, -388;
 425, -564, -370;
 430, -553, -358;
 436, -553, -358;
 441, -553, -358;
 444, -553, -368;
 447, -553, -376;
 422, -549, -430;
 406, -547, -492;
 402, -501, -569;
 404, -449, -604;
 419, -386, -633;
 440, -352, -632;
 489, -313, -599;
 517, -298, -581;
 553, -295, -559;
 566, -300, -542;
 569, -318, -513;
 575, -333, -480;
 589, -361, -411;
 594, -374, -377;
 594, -384, -344;
 588, -392, -307;
 570, -400, -267;
 555, -402, -233;
 541, -406, -182;
 524, -408, -155;
 500, -412, -115;
 493, -400, -93;
 483, -383, -60;
 480, -359, -43;
 477, -324, -18;
 467, -316, -1;
 453, -306, 24;
 455, -308, 24;
 469, -310, 12;
 490, -308, -12;
 520, -306, -53;
 536, -306, -87;
 563, -296, -136;
 584, -277, -168;
 614, -233, -214;
 630, -181, -243;
 644, -120, -274;
 639, -101, -276;
 636, -74, -259;
 638, -58, -239;
 637, -48, -213;
 630, -55, -196;
 616, -40, -183;
 609, -21, -178;
 603, 2, -188;
 601, 16, -200;
 595, 55, -210;
 590, 88, -215;
 574, 140, -240;
 560, 175, -262;
